1.20 1.70 -0.97
0.39 0.81 -1.17
1.09 1.63 -0.23
1.15 1.73 -1.66
0.82 1.62 -0.11
0.38 1.13 -0.21
0.17 0.66 -0.71
1.13 1.86 -1.66
0.64 1.69 -1.52
0.81 1.36 -0.23
0.94 1.33 -0.77
0.88 1.70 -0.52
0.91 1.92 -0.78
0.80 -1.53 -2.11
0.35 -1.27 0.31
0.44 -0.99 -0.42
0.44 -1.33 -0.22
-0.12 -0.92 0.96
0.26 -1.34 -1.51
0.37 -1.34 -0.71
0.14 -1.16 0.11
0.07 -0.77 0.43
-0.11 -1.25 0.03
0.32 -1.50 -1.22
-0.27 -0.90 1.08
-0.26 0.52 1.25
0.40 -0.60 0.87
-0.19 -0.89 1.06
-0.28 -0.34 1.10
-0.32 0.44 0.85
0.04 -1.31 0.51
-0.15 0.61 1.42
0.57 -1.33 -1.45
-0.31 -0.82 0.67
-0.40 0.38 1.31
-0.39 0.40 1.05
-0.10 0.61 0.62
0.40 -0.99 0.29
-0.17 -1.07 0.20
0.38 -0.85 -0.26
0.26 -1.04 0.51
0.55 -0.97 -0.21
-0.14 0.77 0.97
0.32 -0.29 0.86
0.77 -0.91 -1.22
1.02 -0.90 -0.90
0.42 -0.65 -0.32
0.15 -0.72 0.93
0.46 1.28 1.06
0.19 -1.20 -0.04
-0.01 -0.66 1.49
0.35 -0.64 1.15
-0.05 -0.39 0.28
0.19 -1.04 -0.30
0.28 0.19 1.41
0.19 -0.09 2.04
0.01 -1.08 0.13
-0.13 0.26 2.86
0.28 -1.15 -0.31
0.50 -1.19 -0.70
0.40 -0.93 -0.53
0.52 -1.30 -1.26
1.05 -0.30 0.69
-0.34 -0.46 1.14
0.23 -0.87 0.08
0.45 -0.68 0.12
0.18 -1.48 -0.02
0.60 -1.47 0.20
1.26 -1.02 -2.45
0.67 -1.41 -1.56
0.56 -0.90 -0.44
0.19 -1.33 0.04
0.16 -1.32 0.03
1.53 -0.64 -1.97
0.45 -1.35 -0.65
0.63 -1.60 -1.02
0.03 -0.73 1.34
-0.16 0.65 0.50
0.46 -1.20 0.68
-0.05 -1.24 -0.27
0.16 1.24 1.82
-0.98 0.33 -0.88
-1.17 -0.07 -0.11
-1.15 0.10 -0.48
-0.95 -0.55 -0.12
-0.85 0.11 -0.56
-1.09 -0.07 -0.47
-1.21 -0.11 -0.21
-1.05 -0.18 -0.28
-1.13 0.25 -0.82
-1.14 0.15 -0.71
-1.24 -0.02 0.33
-1.06 0.08 -0.36
-0.48 0.61 -1.15
-1.29 -0.06 -0.03
-1.00 -0.01 -0.19
-0.95 0.27 -0.10
-1.03 0.14 -0.69
-1.15 0.25 -0.98
-1.05 -0.05 -0.60
-1.11 0.11 -0.28
-1.16 -0.04 -0.64
-1.08 0.23 -0.31
-1.01 -0.03 0.33
-1.01 -0.02 0.18
-1.02 -0.06 0.50
-0.82 0.48 -0.78
-1.08 0.02 -0.61
-1.05 0.07 -0.56
-1.06 -0.02 -0.89
-1.00 0.02 -0.68
-0.99 0.20 -0.01
-0.75 0.19 -0.70
-1.06 0.10 -0.03
-1.02 0.02 -0.39
-1.09 -0.11 -0.29
-0.81 0.39 -1.09
-0.82 -0.04 -0.24
-0.86 0.01 -0.82
-0.86 0.28 -0.62
-0.80 0.26 -0.91
-1.04 0.13 -0.94
-0.99 0.30 -0.40
-0.94 -0.12 -0.33
-0.91 -0.01 -0.95
-1.13 0.10 -0.28
-0.96 0.25 -0.47
-1.14 -0.23 -0.05
-1.26 -0.16 -0.24
-1.08 0.08 0.46
-1.22 -0.29 0.36
-0.72 0.05 -0.53
-0.94 -0.61 0.32
-1.05 0.11 -0.21
-1.26 -0.14 -0.39
-1.08 0.15 -0.58
-1.25 -0.10 -0.12
-0.98 0.23 -1.04
-0.92 -0.04 -0.87
-1.01 0.12 -0.62
-1.04 -0.01 -0.55
-1.22 0.05 -0.55
-1.18 -0.15 -0.03
-1.06 0.13 -0.15
-1.19 -0.08 -0.08
-1.05 0.12 -0.19
-0.72 0.45 -1.05
-1.03 0.21 -0.19
-0.84 0.31 -0.58
-0.67 -0.08 -0.68
